
<svg xmlns="http://www.w3.org/2000/svg" version="1.1" xmlns:xlink="http://www.w3.org/1999/xlink" preserveAspectRatio="none" x="0px" y="0px" width="109px" height="125px" viewBox="0 0 109 125">
<defs>
<g id="pushbackbackfill">
<path fill="#FFFFFF" stroke="none" d="
M 109 89.4
L 109 67.95
Q 109 62 107.1 56.9 104.95 51.1 100.4 46.35 91.8 37.35 79.55 37.35
L 68.6 37.35 68.6 36.2
Q 68.6 24.6 60.3 16.45 51.95 8.2 40.1 8.2
L 31.95 8.2 31.95 1.95
Q 31.95 1.2 31.45 0.65 30.9 0.05 30.15 0 29.35 -0.05 28.75 0.45
L 8.7 15.65
Q 8.2 16 8 16.6 7.8 17.2 8 17.75 8.2 18.35 8.7 18.75
L 28.75 33.9
Q 29.35 34.35 30.15 34.3 30.9 34.25 31.45 33.65 31.95 33.1 31.95 32.35
L 31.95 24.95 40.1 24.95
Q 44.85 24.95 48.25 28.3 51.6 31.55 51.6 36.2
L 51.6 37.35 29.45 37.35
Q 17.2 37.35 8.6 46.35 6.45 48.65 4.9 51.1 0 58.45 0 67.95
L 0 89.4
Q 0 94.7 1.5 99.3
L 1.5 99.35
Q 1.6 99.6 1.75 99.95 3.9 106.05 8.6 111 13.25 115.85 18.95 118.1 19 118.15 19.1 118.15 23.35 119.85 28.2 120
L 28.25 120
Q 28.55 120 28.8 120 29.15 120 29.45 120
L 79.55 120
Q 80.2 120 80.85 120 80.9 120 80.95 120 85.7 119.8 89.95 118.15 90 118.15 90.05 118.1 95.75 115.85 100.4 111 104.95 106.25 107.1 100.45 109 95.35 109 89.4 Z"/>
</g>
</defs>

<g transform="matrix( 1, 0, 0, 1, 0,0) ">
<use xlink:href="#pushbackbackfill"/>
</g>
</svg>
